BTC_T,BTC_H,BTC_S,BTC_D
176,94,157,19
226,113,208,18
195,103,176,19
196,104,177,19
196,102,175,21
191,102,173,18
197,103,176,21
233,124,213,20
240,129,216,24
238,127,214,24
182,108,170,12
204,116,188,16
248,147,233,15
185,106,171,14
208,110,191,17
205,119,192,13
215,117,195,20
216,129,204,12
194,103,173,21
195,109,178,17
219,122,201,18
235,133,219,16
226,129,208,18
248,143,229,19
210,121,194,16
207,114,189,18
208,118,192,16
213,120,196,17
207,114,189,18
207,114,189,18
205,113,187,18
204,116,189,15
219,122,201,18
205,113,187,18
211,118,193,18
215,120,197,18
216,120,198,18
242,138,224,18
193,114,180,13
188,109,175,13
230,129,211,19
256,133,229,27
257,149,238,19
213,129,201,12
217,131,205,12
248,149,235,13
226,122,205,21
236,134,217,19
229,135,215,14
275,154,254,21
267,152,249,18
245,133,225,20
250,135,229,21
237,131,216,21
235,132,217,18
243,133,223,20
217,119,199,18
217,122,201,16
226,126,206,20
227,128,210,17
210,109,186,24
270,147,246,24
254,147,235,19
250,142,228,22
242,136,220,22
240,138,221,19
255,143,232,23
245,139,224,21
226,130,207,19
255,141,229,26
251,143,229,22
249,145,230,19
246,140,226,20
235,132,213,22
231,132,212,19
222,130,206,16
225,132,209,16
229,134,213,16
221,130,205,16
229,132,210,19
237,130,213,24
224,130,207,17
278,147,248,30
224,132,208,16
236,132,215,21
233,132,213,20
246,142,227,19
247,142,228,19
250,144,231,19
250,144,231,19
257,149,238,19
243,139,223,20
229,134,213,16
241,142,225,16
241,142,225,16
237,138,220,17
251,147,234,17
241,142,225,16
234,136,217,17
240,138,221,19
238,140,222,16
240,140,223,17
240,140,223,17
238,138,221,17
246,142,227,19
242,140,223,19
238,140,222,16
240,140,223,17
260,153,243,17
238,133,216,22
254,142,231,23
252,144,232,20
243,137,222,21
246,143,228,18
238,140,222,16
231,135,215,16
253,146,234,19
243,140,224,19
231,132,212,19
239,134,217,22
235,138,219,16
230,132,211,19
236,128,211,25
239,138,220,19
232,135,215,17
246,138,225,21
242,132,218,24
231,132,214,17
273,148,250,23
267,145,239,28
243,144,227,16
243,137,222,21
241,139,223,18
236,133,215,21
238,137,220,18
243,137,222,21
238,133,217,21
235,142,222,13
230,125,207,23
193,100,171,22
232,133,212,20
235,133,215,20
240,132,216,24
265,148,243,22
251,140,228,23
224,130,207,17
248,141,229,19
251,144,232,19
263,149,243,20
235,137,218,17
244,143,227,17
259,155,243,16
251,142,230,21
251,142,230,21
256,147,236,20
248,146,232,16
232,139,219,13
235,139,220,15
239,141,224,15
238,139,222,16
306,155,271,35
239,135,219,20
254,140,230,24
257,147,238,19
240,134,219,21
235,139,220,15
243,145,229,14
236,139,221,15
312,160,277,35
274,158,254,20
223,125,207,16
236,132,216,20
306,160,275,31
313,159,278,35
316,157,278,38
227,126,207,20
225,120,203,22
250,130,223,27
281,152,257,24
227,135,214,13
236,139,221,15
237,142,224,13
303,156,268,35
254,139,231,23
249,137,227,22
267,149,244,23
213,108,188,25
254,142,233,21
267,150,244,23
222,116,200,22
243,122,213,30
246,139,224,22
290,156,262,28
298,165,273,25
236,134,216,20
267,154,246,21
273,155,250,23
274,155,251,23
271,155,250,21
290,161,267,23
276,160,256,20
270,143,244,26
300,171,280,20
237,133,218,19
258,139,231,27
255,138,229,26
248,133,222,26
223,132,208,15
257,145,235,22
257,146,236,21
248,146,232,16
265,153,245,20
275,157,254,21
267,153,247,20
271,155,251,20
279,163,260,19
248,149,234,14
261,154,243,18
259,156,244,15
266,160,251,15
246,146,231,15
277,156,255,22
266,153,246,20
292,165,268,24
264,152,244,20
269,157,250,19
269,155,250,19
250,144,232,18
282,158,256,26
270,164,256,14
310,190,296,14
278,163,260,18
272,154,249,23
262,152,243,19
261,152,242,19
269,159,252,17
256,138,233,23
256,139,236,20
295,158,269,26
272,137,248,24
267,137,246,21
274,142,254,20
264,151,244,20
261,149,241,20
267,153,247,20
273,136,247,26
304,169,280,24
265,156,249,16
232,129,211,21
252,136,230,22
269,146,246,23
253,135,227,26
234,129,213,21
265,155,246,19
270,152,246,24
268,154,247,21
295,164,268,27
323,168,287,36
276,163,258,18
240,141,223,17
268,156,248,20
264,156,247,17
276,166,261,15
280,169,264,16
292,168,271,21
289,167,269,20
251,142,232,19
309,179,287,22
302,175,280,22
307,179,285,22
309,179,287,22
306,177,284,22
281,165,262,19
292,163,269,23
302,158,272,30
245,137,224,21
292,161,267,25
303,166,277,26
260,149,241,19
304,165,278,26
290,159,264,26
272,149,247,25
290,156,266,24
296,162,266,30
301,163,270,31
297,162,267,30
300,176,280,20
306,180,286,20
297,174,277,20
303,172,282,21
298,161,269,29
282,163,261,21
298,159,272,26
296,156,269,27
317,171,289,28
305,163,277,28
275,152,252,23
303,171,275,28
293,167,268,25
283,163,261,22
270,153,248,22
302,174,278,24
291,171,271,20
273,157,252,21
309,166,277,32
294,168,272,22
275,161,256,19
281,165,262,19
273,159,254,19
306,164,278,28
277,162,257,20
277,162,257,20
274,160,254,20
276,158,253,23
274,160,254,20
274,160,254,20
277,162,257,20
274,160,254,20
274,160,254,20
280,164,261,19
290,158,267,23
294,161,271,23
281,166,263,18
279,164,261,18
270,160,253,17
338,207,322,16
338,207,322,16
288,149,260,28
312,177,287,25
321,176,290,31
350,187,319,31
307,161,277,30
331,176,301,30
330,178,301,29
322,172,293,29
318,168,289,29
294,158,269,25
329,174,298,31
317,171,287,30
363,213,339,24
287,148,256,31
306,166,279,27
334,179,302,32
336,181,304,32
318,178,289,29
321,176,290,31
318,176,289,29
313,178,287,26
309,176,283,26
299,172,276,23
299,172,276,23
361,205,335,26
374,194,332,42
292,168,269,23
333,187,308,25
335,190,311,24
284,164,261,23
319,185,296,23
359,204,334,25
309,182,289,20
318,187,297,21
315,186,295,20
291,166,268,23
319,182,293,26
327,176,300,27
288,168,267,21
283,164,261,22
346,196,317,29
266,159,249,17
276,164,258,18
291,167,268,23
295,169,272,23
301,173,278,23
281,166,262,19
279,166,261,18
291,167,268,23
290,168,268,22
323,175,297,26
319,183,298,21
301,177,281,20
287,164,264,23
307,178,284,23
301,176,281,20
306,177,283,23
304,162,282,22
318,188,298,20
314,186,295,19
298,177,280,18
295,176,278,17
280,166,262,18
335,196,316,19
321,189,300,21
297,175,277,20
319,183,295,24
310,178,287,23
323,187,300,23
313,190,296,17
393,206,355,38
395,206,356,39
295,170,272,23
347,212,330,17
355,202,330,25
333,182,304,29
303,175,285,18
395,206,356,39
327,174,300,27
307,180,287,20
328,181,298,30
312,173,286,26
348,211,329,19
315,171,286,29
397,211,362,35
349,193,316,33
316,185,295,21
359,204,331,28
388,204,354,34
392,209,360,32
307,179,285,22
344,200,321,23
311,177,285,26
370,200,342,28
386,209,357,29
384,207,354,30
388,212,360,28
324,187,300,24
307,178,285,22
308,183,289,19
344,186,315,29
341,184,312,29
341,184,312,29
326,187,301,25
302,165,273,29
312,173,284,28
305,167,276,29
330,179,299,31
396,214,366,30
358,190,320,38
324,191,302,22
325,172,293,32
316,185,296,20
378,218,351,27
337,184,305,32
391,220,358,33
383,214,350,33
335,172,299,36
356,217,338,18
311,185,293,18
312,185,294,18
308,183,290,18
367,197,335,32
337,184,309,28
316,169,288,28
312,184,292,20
264,150,243,21
271,143,245,26
390,210,360,30
386,205,354,32
391,205,356,35
384,207,354,30
386,205,354,32
382,200,348,34
365,195,332,33
371,195,335,36
373,199,340,33
381,204,347,34
402,218,372,30
420,218,377,43
422,218,378,44
328,182,299,29
345,189,313,32
320,173,292,28
325,179,296,29
340,195,313,27
383,218,353,30
336,174,304,32
351,184,317,34
342,192,315,27
343,196,319,24
356,186,325,31
353,184,318,35
351,186,319,32
366,198,335,31
370,206,340,30
335,177,296,39
371,203,335,36
388,207,351,37
340,187,308,32
332,186,304,28
329,185,302,27
318,177,290,28
346,190,314,32
336,192,310,26
339,190,310,29
342,196,316,26
328,187,300,28
331,180,298,33
325,175,292,33
343,199,317,26
323,187,298,25
309,168,279,30
333,197,311,22
319,184,294,25
337,199,315,22
330,193,306,24
323,187,298,25
359,196,331,28
330,187,302,28
377,230,358,19
326,194,306,20
280,159,261,19
326,175,293,33
324,194,305,19
316,175,288,28
351,184,314,37
370,200,337,33
399,216,363,36
382,208,349,33
334,191,312,22
329,190,306,23
324,187,304,20
329,181,300,29
338,180,305,33
287,163,264,23
387,212,358,29
339,184,311,28
358,191,326,32
334,190,310,24
351,187,319,32
382,210,352,30
372,206,345,27
378,208,350,28
374,206,346,28
347,186,315,32
387,199,343,44
356,188,322,34
446,231,407,39
352,190,324,28
290,160,267,23
366,191,327,39
339,192,310,29
376,213,348,28
378,214,347,31
348,202,322,26
330,188,303,27
386,222,360,26
377,217,352,25
382,218,356,26
389,221,362,27
390,223,363,27
373,211,345,28
373,211,345,28
373,211,345,28
365,207,333,32
374,215,349,25
411,233,380,31
411,233,380,31
398,225,367,31
401,227,370,31
348,194,317,31
345,191,315,30
342,200,319,23
340,179,305,35
334,192,308,26
362,188,324,38
346,186,313,33
380,220,351,29
348,195,316,32
372,207,342,30
354,198,325,29
349,193,319,30
322,184,296,26
432,252,403,29
356,193,323,33
317,177,290,27
328,184,301,27
337,202,317,20
356,205,331,25
344,205,323,21
341,203,320,21
334,198,313,21
340,203,319,21
340,203,319,21
330,193,307,23
340,198,317,23
334,195,311,23
341,204,321,20
339,202,319,20
389,223,358,31
381,212,349,32
373,214,345,28
398,229,367,31
392,209,359,33
441,245,406,35
366,193,332,34
405,228,370,35
428,234,392,36
402,217,367,35
399,229,371,28
348,197,322,26
373,200,340,33
412,213,375,37
430,218,384,46
423,215,378,45
431,220,386,45
436,223,391,45
383,201,348,35
371,197,337,34
360,190,326,34
389,218,358,31
400,225,369,31
376,204,344,32
397,215,364,33
391,223,361,30
353,198,326,27
397,228,371,26
420,231,385,35
378,224,353,25
323,174,301,22
386,209,355,31
381,218,352,29
383,199,343,40
380,197,340,40
380,197,340,40
377,195,337,40
381,198,341,40
422,214,389,33
402,230,375,27
410,231,379,31
422,243,395,27
379,214,347,32
372,219,347,25
377,204,339,38
390,223,359,31
417,229,381,36
422,215,383,39
374,201,339,35
386,215,350,36
380,215,350,30
393,218,356,37
339,181,303,36
364,173,317,47
365,210,339,26
376,214,349,27
369,212,343,26
378,213,348,30
377,218,351,26
364,205,335,29
360,208,336,24
357,206,333,24
353,202,328,25
358,205,332,26
343,198,320,23
360,209,337,23
369,214,345,24
357,207,334,23
364,210,340,24
359,205,333,26
380,215,349,31
369,212,343,26
359,209,336,23
355,206,332,23
355,206,332,23
370,213,342,28
368,215,343,25
377,215,346,31
358,206,332,26
349,199,321,28
352,201,326,26
365,213,340,25
352,204,326,26
349,199,323,26
373,212,345,28
353,202,328,25
350,200,325,25
348,202,324,24
346,199,322,24
351,202,327,24
356,207,333,23
350,201,326,24
367,214,344,23
332,191,306,26
337,201,316,21
413,229,382,31
363,208,335,28
353,202,325,28
344,205,323,21
355,203,330,25
377,199,343,34
413,239,385,28
346,207,325,21
381,216,352,29
411,227,375,36
471,245,430,41
417,214,369,48
405,229,373,32
463,247,417,46
460,245,414,46
360,204,333,27
393,219,359,34
372,204,338,34
393,213,362,31
383,201,349,34
398,224,366,32
364,200,332,32
429,240,397,32
339,181,303,36
374,193,331,43
412,228,374,38
384,214,355,29
377,218,349,28
427,230,393,34
462,245,425,37
428,231,386,42
394,216,356,38
417,229,377,40
404,221,364,40
409,221,368,41
414,212,371,43
414,214,373,41
375,217,348,27
420,234,384,36
432,239,394,38
349,209,327,22
429,251,398,31
448,235,410,38
395,225,364,31
375,211,342,33
302,178,280,22
398,226,367,31
395,225,365,30
400,226,368,32
395,224,364,31
393,224,363,30
353,210,331,22
338,197,313,25
339,201,317,22
375,211,343,32
383,218,352,31
390,221,358,32
404,215,368,36
404,215,368,36
415,231,378,37
390,206,354,36
403,215,367,36
454,242,412,42
383,209,345,38
416,232,378,38
439,239,402,37
405,221,369,36
389,223,362,27
354,207,332,22
360,193,328,32
403,232,373,30
430,232,384,46
405,234,376,29
417,236,383,34
448,237,401,47
449,270,423,26
428,234,386,42
459,257,421,38
412,224,371,41
416,226,375,41
433,247,403,30
413,230,375,38
440,251,408,32
434,248,404,30
394,221,359,35
401,224,365,36
385,226,359,26
417,239,386,31
423,241,391,32
399,222,364,35
393,226,364,29
389,217,354,35
384,211,347,37
381,219,351,30
388,222,357,31
384,221,354,30
381,220,352,29
384,217,352,32
412,227,375,37
379,217,352,27
396,212,357,39
376,219,349,27
409,227,372,37
407,229,373,34
386,219,355,31
386,220,356,30
383,218,353,30
407,229,373,34
396,225,364,32
377,218,349,28
372,218,347,25
351,203,325,26
416,234,381,35
450,258,416,34
445,254,411,34
461,248,421,40
408,224,376,32
420,245,393,27
424,247,397,27
407,224,372,35
433,236,389,44
372,203,339,33
452,242,412,40
450,263,419,31
490,273,449,41
448,247,410,38
401,224,365,36
431,231,384,47
428,228,380,48
430,228,381,49
442,240,405,37
401,231,372,29
417,228,381,36
398,226,367,31
459,243,413,46
433,244,397,36
480,245,426,54
445,255,416,29
455,257,419,36
457,261,424,33
454,259,421,33
464,262,429,35
457,257,421,36
460,262,427,33
457,262,425,32
451,256,419,32
453,256,418,35
423,232,382,41
444,236,396,48
464,266,432,32
448,258,419,29
454,260,422,32
451,254,416,35
450,254,415,35
465,264,432,33
450,254,415,35
456,258,421,35
447,252,412,35
443,248,407,36
444,250,410,34
450,254,416,34
451,255,418,33
459,258,424,35
457,260,424,33
463,264,430,33
450,254,416,34
462,258,424,38
455,252,416,39
461,258,423,38
466,262,430,36
444,252,412,32
446,254,413,33
447,255,414,33
466,264,431,35
459,260,424,35
456,258,421,35
454,260,422,32
457,262,425,32
460,260,425,35
456,258,421,35
449,252,413,36
460,264,428,32
458,262,426,32
454,258,421,33
463,262,428,35
461,264,429,32
455,263,426,29
461,263,428,33
470,265,434,36
458,258,422,36
470,265,434,36
465,265,432,33
473,263,433,40
469,265,433,36
471,265,434,37
458,257,422,36
464,263,429,35
462,263,429,33
452,257,420,32
450,259,421,29
457,262,425,32
459,260,424,35
449,252,413,36
454,260,422,32
460,265,431,29
464,267,435,29
439,253,410,29
456,259,423,33
477,270,442,35
466,265,433,33
457,261,426,31
430,244,398,32
437,248,405,32
450,255,416,34
450,253,414,36
455,260,423,32
424,237,386,38
432,241,394,38
442,253,407,35
426,242,392,34
411,233,376,35
399,212,356,43
381,218,350,31
427,245,395,32
411,233,377,34
434,249,402,32
471,262,430,41
473,278,443,30
432,251,403,29
440,248,403,37
444,250,407,37
494,274,451,43
456,241,412,44
456,251,420,36
477,263,440,37
413,240,383,30
455,259,421,34
427,233,390,37
451,264,424,27
432,238,396,36
432,238,396,36
437,243,402,35
433,239,397,36
432,238,396,36
428,234,391,37
485,262,442,43
437,255,409,28
405,210,369,36
447,254,413,34
457,246,416,41
440,252,406,34
440,252,406,34
405,233,376,29
446,263,417,29
444,261,415,29
457,250,418,39
449,236,408,41
455,245,417,38
477,269,438,39
553,306,504,49
470,264,432,38
469,242,427,42
437,238,399,38
434,238,398,36
434,239,398,36
435,241,399,36
414,215,377,37
415,241,386,29
464,258,425,39
435,239,396,39
464,253,424,40
472,244,425,47
432,232,390,42
492,255,438,54
513,266,468,45
477,269,437,40
473,259,427,46
475,259,428,47
477,267,439,38
490,274,447,43
523,284,476,47
455,259,419,36
458,255,416,42
461,246,412,49
437,246,402,35
434,244,396,38
433,243,396,37
464,245,419,45
474,260,435,39
399,230,368,31
401,230,369,32
394,230,366,28
406,234,375,31
493,279,455,38
412,232,376,36
438,248,403,35
430,242,395,35
441,253,408,33
452,260,419,33
449,258,416,33
441,253,408,33
442,253,409,33
445,255,412,33
424,248,396,28
442,249,406,36
433,248,401,32
420,242,388,32
436,248,404,32
437,250,405,32
440,255,410,30
433,246,400,33
443,254,411,32
414,242,388,26
409,237,380,29
411,239,383,28
405,237,378,27
405,237,378,27
410,237,381,29
401,233,373,28
429,242,394,35
403,232,372,31
453,238,409,44
429,250,399,30
432,251,402,30
425,246,395,30
424,246,394,30
427,248,397,30
429,249,399,30
431,251,401,30
430,245,396,34
430,245,396,34
434,247,400,34
449,259,417,32
414,231,377,37
441,240,397,44
440,234,393,47
466,256,422,44
456,256,417,39
505,295,472,33
452,250,418,34
446,256,413,33
477,271,439,38
508,265,461,47
503,283,462,41
508,289,477,31
510,289,478,32
459,258,419,40
452,243,414,38
460,267,428,32
494,279,456,38
425,240,389,36
434,237,394,40
449,235,400,49
527,283,481,46
468,257,424,44
456,260,423,33
459,262,426,33
457,264,427,30
464,269,431,33
464,269,431,33
496,254,444,52
457,246,409,48
485,271,448,37
479,271,443,36
450,251,410,40
441,240,397,44
476,260,431,45
481,278,447,34
478,273,442,36
488,285,456,32
482,256,436,46
488,279,449,39
450,256,415,35
431,254,403,28
453,263,422,31
390,227,362,28
405,235,375,30
441,249,404,37
425,247,394,31
493,282,455,38
478,251,431,47
488,259,443,45
528,305,490,38
488,272,446,42
504,262,448,56
483,282,450,33
448,247,405,43
459,263,423,36
473,256,431,42
554,297,501,53
529,298,485,44
546,309,507,39
527,300,486,41
515,286,475,40
507,280,467,40
527,300,488,39
534,306,497,37
484,262,437,47
447,254,413,34
499,290,468,31
501,290,469,32
472,276,439,33
435,248,399,36
435,248,399,36
436,249,400,36
485,279,450,35
487,282,453,34
491,283,456,35
494,277,454,40
487,282,452,35
430,243,393,37
428,245,394,34
429,247,395,34
424,243,390,34
440,256,407,33
448,259,415,33
449,259,415,34
452,261,419,33
442,258,410,32
442,258,410,32
446,260,414,32
496,274,451,45
428,245,394,34
466,266,428,38
456,262,421,35
450,262,418,32
448,260,416,32
454,264,422,32
442,254,408,34
492,283,458,34
538,310,506,32
463,260,426,37
557,317,513,44
475,273,440,35
552,310,510,42
485,279,450,35
482,277,447,35
489,257,441,48
489,259,440,49
526,297,484,42
507,271,461,46
567,301,508,59
511,281,466,45
539,277,482,57
493,262,449,44
571,305,515,56
535,299,488,47
521,263,457,64
483,274,442,41
473,270,435,38
486,275,448,38
451,256,416,35
547,297,502,45
459,252,416,43
526,284,479,47
510,294,477,33
540,304,497,43
538,303,495,43
490,279,452,38
481,275,444,37
511,286,472,39
500,289,464,36
532,281,484,48
557,307,503,54
532,306,493,39
526,279,478,48
506,292,473,33
497,286,464,33
510,295,477,33
497,283,462,35
507,290,472,35
507,292,474,33
497,287,465,32
505,287,469,36
513,294,478,35
509,287,469,40
471,272,437,34
505,282,462,43
514,286,470,44
502,278,458,44
511,284,467,44
528,296,486,42
497,287,465,32
510,293,476,34
495,286,462,33
492,279,456,36
500,288,467,33
507,288,471,36
506,288,470,36
495,281,460,35
509,289,473,36
514,293,477,37
448,254,411,37
456,260,420,36
512,269,466,46
355,178,308,47
528,291,481,47
489,286,456,33
484,286,454,30
493,291,464,29
535,283,489,46
536,288,493,43
558,298,501,57
516,276,473,43
550,293,504,46
510,280,462,48
554,298,509,45
554,297,509,45
515,295,476,39
515,295,476,39
523,302,485,38
533,302,490,43
522,294,479,43
518,293,476,42
527,299,485,42
572,306,523,49
514,287,471,43
514,272,464,50
515,274,465,50
511,273,459,52
520,269,471,49
522,269,472,50
561,292,508,53
498,282,461,37
498,282,461,37
529,299,490,39
519,290,478,41
520,292,480,40
529,299,490,39
512,290,474,38
517,292,478,39
528,299,489,39
518,294,480,38
520,294,481,39
512,289,473,39
513,292,476,37
517,273,474,43
542,286,497,45
511,269,468,43
524,274,478,46
513,271,470,43
510,269,467,43
514,271,471,43
517,273,474,43
556,310,510,46
549,304,502,47
490,281,453,37
480,279,446,34
466,268,430,36
527,278,482,45
529,282,476,53
532,307,493,39
521,307,489,32
496,266,451,45
555,289,502,53
515,274,463,52
554,298,509,45
500,288,464,36
510,301,479,31
513,304,483,30
590,332,540,50
548,316,508,40
584,329,541,43
560,317,515,45
562,317,516,46
545,302,503,42
539,297,497,42
538,300,495,43
530,298,487,43
496,291,464,32
503,299,474,29
513,283,476,37
554,301,510,44
555,297,505,50
524,283,480,44
569,300,515,54
605,313,542,63
602,316,544,58
603,315,543,60
601,313,541,60
623,325,561,62
477,275,446,31
547,286,496,51
485,263,445,40
492,279,452,40
511,298,475,36
500,289,463,37
514,294,476,38
516,277,466,50
562,317,526,36
563,316,521,42
495,267,449,46
560,302,515,45
564,288,505,59
561,287,502,59
605,316,546,59
570,290,504,66
522,291,475,47
553,300,497,56
518,293,478,40
523,297,484,39
535,303,492,43
525,299,485,40
523,301,486,37
523,279,471,52
544,314,508,36
570,298,518,52
565,319,523,42
564,301,515,49
542,305,499,43
556,297,510,46
556,298,510,46
556,297,510,46
556,299,511,45
562,304,517,45
559,302,514,45
560,302,515,45
569,306,523,46
566,305,520,46
564,303,518,46
567,304,520,47
565,303,519,46
614,342,564,50
537,304,498,39
520,297,480,40
533,307,497,36
534,275,485,49
541,282,493,48
555,288,504,51
482,270,444,38
567,309,525,42
593,307,533,60
528,300,490,38
541,290,496,45
563,315,513,50
532,288,480,52
528,296,484,44
547,306,501,46
556,311,510,46
529,305,492,37
598,325,547,51
613,348,564,49
599,316,546,53
599,316,546,53
597,338,551,46
551,304,502,49
541,301,499,42
581,312,526,55
639,338,580,59
555,309,514,41
500,287,461,39
508,278,461,47
556,297,504,52
561,319,518,43
557,294,507,50
182,100,165,17
179,100,164,15
187,100,170,17
188,106,173,15
201,107,180,21
197,111,182,15
175,93,159,16
194,104,177,17
196,105,177,19
198,106,179,19
233,124,213,20
187,102,173,14
184,102,169,15
197,105,178,19
204,115,189,15
192,103,177,15
216,129,204,12
177,102,165,12
198,106,182,16
214,113,192,22
236,123,213,23
186,110,173,13
221,117,199,22
210,116,192,18
206,113,190,16
225,121,203,22
205,116,189,16
228,134,214,14
208,117,192,16
176,95,160,16
222,117,200,22
233,123,208,25
234,135,218,16
229,111,200,29
224,114,199,25
204,112,185,19
208,119,193,15
186,107,173,13
238,125,214,24
224,118,204,20
185,101,169,16
217,131,205,12
202,106,184,18
219,123,200,19
193,109,177,16
225,131,211,14
234,119,208,26
217,119,199,18
233,134,216,17
193,114,180,13
184,103,168,16
215,112,191,24
214,116,195,19
193,106,175,18
198,114,184,14
216,123,201,15
183,94,162,21
186,109,173,13
215,113,194,21
200,115,187,13
213,129,201,12
229,119,206,23
193,114,180,13
239,135,222,17
210,119,196,14
229,133,214,15
246,142,227,19
238,140,222,16
236,139,221,15
235,127,212,23
192,102,174,18
205,108,187,18
196,103,175,21
248,132,225,23
255,140,234,21
224,122,204,20
237,130,218,19
246,130,221,25
226,116,198,28
240,140,223,17
251,143,232,19
236,133,215,21
211,115,190,21
237,118,210,27
242,140,223,19
230,119,204,26
262,146,240,22
255,138,233,22
235,139,220,15
236,127,213,23
249,145,230,19
238,140,222,16
218,118,197,21
255,148,238,17
261,138,236,25
250,144,231,19
267,145,239,28
193,100,171,22
241,127,215,26
204,102,180,24
239,132,221,18
224,124,206,18
220,118,199,21
223,122,206,17
231,122,208,23
241,142,225,16
220,119,203,17
230,125,207,23
216,121,199,17
228,121,203,25
237,120,208,29
251,139,230,21
246,142,227,19
238,139,222,16
252,132,227,25
240,129,216,24
216,120,198,18
241,142,225,16
200,108,180,20
204,120,191,13
225,123,205,20
254,147,235,19
237,142,224,13
227,125,205,22
233,132,213,20
254,132,228,26
216,121,198,18
250,144,231,19
222,127,206,16
255,139,231,24
260,145,238,22
255,132,228,27
243,137,222,21
240,131,219,21
263,149,243,20
245,133,223,22
216,126,201,15
247,130,221,26
261,136,236,25
247,131,224,23
171,95,158,13
241,139,223,18
227,122,207,20
266,145,240,26
249,131,224,25
255,141,229,26
238,140,222,16
222,120,201,21
255,136,230,25
260,153,243,17
258,138,231,27
223,116,198,25
221,126,205,16
202,115,188,14
211,115,191,20
254,141,233,21
235,117,208,27
247,142,228,19
216,119,200,16
237,140,221,16
267,146,243,24
235,137,219,16
229,119,203,26
211,110,187,24
235,120,206,29
231,132,212,19
205,111,184,21
182,99,166,16
262,145,239,23
251,143,229,22
204,108,184,20
208,114,188,20
225,121,208,17
226,118,201,25
230,120,204,26
257,134,232,25
229,131,213,16
236,132,215,21
235,123,210,25
227,126,207,20
201,113,185,16
226,136,213,13
221,113,195,26
254,130,227,27
223,131,208,15
243,137,222,21
227,128,210,17
231,120,206,25
263,148,241,22
238,137,220,18
240,142,224,16
241,142,225,16
234,121,210,24
237,123,213,24
227,118,202,25
228,123,211,17
220,122,199,21
222,125,205,17
203,112,185,18
223,118,203,20
197,103,177,20
269,160,252,17
240,132,218,22
265,160,250,15
260,142,236,24
251,133,227,24
263,149,244,19
231,131,212,19
270,149,248,22
236,132,217,19
237,129,213,24
243,143,227,16
280,149,251,29
221,117,200,21
261,137,236,25
236,129,213,23
257,154,242,15
273,142,239,34
233,127,214,19
213,117,192,21
277,153,253,24
267,137,246,21
311,165,284,27
278,163,260,18
293,166,269,24
247,144,229,18
232,122,206,26
229,127,210,19
229,122,204,25
256,138,233,23
263,146,240,23
225,119,203,22
266,153,246,20
255,142,234,21
253,139,231,22
243,129,218,25
268,154,248,20
277,156,257,20
211,119,194,17
249,135,225,24
241,128,217,24
272,142,246,26
241,130,219,22
258,134,231,27
250,135,225,25
268,146,242,26
236,129,216,20
216,118,195,21
246,124,215,31
261,150,241,20
259,147,238,21
249,132,225,24
232,132,215,17
272,156,252,20
249,135,225,24
234,127,212,22
275,142,245,30
243,137,224,19
262,152,243,19
275,157,254,21
234,124,211,23
230,123,207,23
276,146,248,28
270,152,248,22
265,145,242,23
222,123,205,17
288,168,271,17
255,141,233,22
283,151,256,27
229,123,209,20
277,149,249,28
241,133,219,22
299,157,271,28
298,156,269,29
302,162,279,23
249,137,226,23
265,131,232,33
277,147,248,29
263,139,236,27
235,124,210,25
250,135,227,23
292,161,267,25
243,141,226,17
283,145,250,33
274,143,249,25
266,139,236,30
255,137,232,23
254,143,235,19
264,140,237,27
226,122,203,23
230,137,215,15
254,149,237,17
234,137,216,18
250,137,227,23
289,146,254,35
289,167,269,20
277,145,248,29
261,138,234,27
263,142,237,26
289,157,265,24
259,150,242,17
266,141,240,26
249,143,231,18
270,143,245,25
316,164,282,34
246,138,227,19
276,140,244,32
236,133,217,19
302,171,278,24
278,151,251,27
281,147,254,27
290,159,265,25
277,162,257,20
294,161,271,23
257,141,233,24
282,151,254,28
252,137,228,24
266,139,236,30
268,141,239,29
315,159,279,36
279,158,257,22
285,144,250,35
289,160,264,25
292,159,269,23
274,160,254,20
284,149,255,29
265,141,239,26
263,144,239,24
260,142,236,24
277,162,257,20
247,131,221,26
259,143,236,23
286,141,251,35
284,160,263,21
267,139,241,26
265,151,244,21
276,158,253,23
231,131,214,17
274,160,254,20
262,149,241,21
276,159,256,20
256,142,233,23
272,155,252,20
312,177,287,25
298,153,263,35
299,150,264,35
315,176,289,26
285,164,266,19
284,160,262,22
288,162,264,24
278,154,255,23
267,151,247,20
275,153,253,22
274,160,254,20
274,160,254,20
278,152,252,26
239,129,215,24
283,154,256,27
309,173,284,25
273,145,244,29
281,144,254,27
321,179,296,25
282,152,255,27
321,189,300,21
320,175,291,29
302,165,274,28
272,144,244,28
307,180,287,20
275,155,253,22
319,183,295,24
286,161,261,25
268,142,240,28
288,154,259,29
322,174,296,26
281,151,253,28
277,150,253,24
323,175,297,26
282,152,255,27
284,153,257,27
282,151,254,28
323,174,292,31
291,162,265,26
269,143,242,27
334,184,305,29
278,154,256,22
296,158,266,30
288,146,250,38
276,152,250,26
303,168,274,29
305,181,287,18
335,190,311,24
275,148,248,27
304,171,280,24
344,182,310,34
334,193,312,22
311,166,281,30
301,177,281,20
318,188,298,20
269,145,243,26
301,176,281,20
296,170,273,23
274,151,250,24
301,173,278,23
307,179,285,22
278,150,251,27
271,146,244,27
281,156,260,21
275,148,248,27
341,196,319,22
290,168,268,22
291,167,268,23
327,167,291,36
287,164,264,23
333,187,308,25
342,188,312,30
285,153,257,28
313,170,285,28
295,165,270,25
279,148,251,28
254,141,233,21
310,171,285,25
259,138,232,27
338,195,316,22
297,161,269,28
331,177,298,33
272,152,249,23
279,154,255,24
286,153,259,27
264,141,238,26
333,182,304,29
334,187,307,27
327,174,300,27
395,206,356,39
260,139,234,26
281,150,253,28
306,154,269,37
328,188,303,25
293,164,269,24
311,172,285,26
309,171,281,28
307,178,285,22
324,191,302,22
303,170,278,25
322,181,297,25
328,181,298,30
354,199,323,31
333,172,300,33
304,173,282,22
299,170,277,22
324,173,290,34
353,195,321,32
344,183,309,35
310,176,287,23
312,166,281,31
286,155,264,22
338,185,308,30
279,149,251,28
258,145,238,20
313,178,290,23
326,184,300,26
288,157,262,26
330,175,294,36
341,177,305,36
335,189,307,28
366,193,332,34
316,178,289,27
309,179,286,23
284,154,257,27
311,177,285,26
317,189,298,19
336,182,303,33
321,171,290,31
286,154,258,28
351,205,327,24
349,195,319,30
302,167,275,27
331,190,309,22
363,185,320,43
344,200,321,23
339,182,306,33
294,164,269,25
313,174,286,27
420,218,377,43
307,178,285,22
230,120,203,27
422,218,378,44
325,179,296,29
308,164,282,26
272,146,245,27
307,161,277,30
299,156,269,30
343,186,309,34
306,166,277,29
338,181,305,33
292,153,261,31
324,177,297,27
326,181,298,28
338,189,310,28
332,183,304,28
265,142,238,27
343,183,307,36
342,193,317,25
342,197,316,26
322,178,298,24
305,163,274,31
337,176,305,32
312,164,276,36
284,154,256,28
335,185,304,31
337,199,315,22
330,180,298,32
351,186,319,32
328,180,296,32
327,190,307,20
346,182,310,36
323,187,298,25
273,148,246,27
405,212,369,36
363,189,323,40
382,216,354,28
320,179,292,28
357,197,325,32
342,188,310,32
347,194,317,30
332,182,300,32
329,189,303,26
361,207,334,27
348,193,317,31
351,184,317,34
323,187,298,25
354,183,315,39
316,168,284,32
342,196,316,26
285,160,263,22
303,164,272,31
405,217,365,40
347,184,312,35
337,188,308,29
332,182,300,32
373,218,347,26
316,180,293,23
349,196,321,28
336,192,310,26
319,184,294,25
278,150,251,27
345,186,311,34
280,150,252,28
333,197,311,22
339,189,309,30
322,176,293,29
334,184,303,31
333,192,309,24
336,180,304,32
350,195,320,30
350,192,319,31
318,177,290,28
332,186,304,28
310,172,284,26
335,196,312,23
321,173,291,30
373,215,345,28
285,154,257,28
314,173,285,29
319,180,295,24
336,183,305,31
340,185,309,31
344,180,312,32
329,185,302,27
328,181,299,29
380,192,336,44
348,187,315,33
344,181,309,35
335,178,302,33
334,191,312,22
318,175,290,28
374,215,346,28
340,193,314,26
346,195,318,28
342,195,314,28
339,187,310,29
324,183,298,26
346,188,314,32
390,220,359,31
360,204,332,28
334,193,309,25
350,190,318,32
343,193,315,28
340,193,315,25
390,213,354,36
352,201,325,27
358,195,326,32
366,202,337,29
322,184,296,26
353,193,320,33
364,202,331,33
346,190,316,30
377,210,349,28
338,187,308,30
389,211,351,38
367,185,328,39
354,194,322,32
383,215,352,31
368,214,342,26
361,194,326,35
407,212,361,46
353,188,317,36
376,202,342,34
328,182,300,28
372,199,335,37
356,188,322,34
374,212,348,26
343,198,318,25
319,178,291,28
350,191,318,32
353,200,325,28
362,200,335,27
337,188,311,26
339,187,308,31
345,186,313,32
376,204,344,32
369,211,342,27
362,194,326,36
335,192,310,25
348,193,319,29
362,188,324,38
346,195,321,25
353,194,321,32
355,200,327,28
365,188,321,44
366,200,332,34
360,199,334,26
373,211,345,28
410,229,377,33
362,196,327,35
398,225,367,31
357,194,322,35
353,194,320,33
408,207,362,46
345,191,315,30
362,206,337,25
378,211,347,31
390,230,363,27
365,198,332,33
362,199,331,31
350,193,320,30
323,179,296,27
373,221,349,24
339,194,316,23
365,205,336,29
326,185,302,24
355,193,321,34
372,210,342,30
364,206,333,31
362,193,325,37
317,177,290,27
330,193,307,23
371,198,333,38
348,190,316,32
350,198,322,28
363,201,333,30
353,188,317,36
342,180,305,37
349,191,318,31
346,177,306,40
341,186,310,31
365,213,340,25
317,177,290,27
321,182,294,27
329,181,300,29
397,228,371,26
439,234,394,45
368,215,343,25
391,210,353,38
380,201,342,38
366,203,335,31
384,205,346,38
390,206,351,39
368,207,340,28
346,207,325,21
336,190,311,25
412,212,374,38
402,215,361,41
341,188,314,27
369,212,343,26
386,225,358,28
367,214,344,23
388,207,348,40
358,189,322,36
390,220,359,31
357,201,328,29
388,223,361,27
382,198,342,40
345,193,319,26
381,198,341,40
411,229,376,35
389,214,355,34
356,192,323,33
404,223,368,36
424,226,385,39
335,189,308,27
357,200,325,32
381,203,343,38
347,200,324,23
396,219,363,33
367,199,333,34
367,207,336,31
370,192,329,41
357,196,328,29
360,197,323,37
390,223,359,31
344,205,323,21
365,213,340,25
365,210,339,26
380,215,350,30
434,240,396,38
340,194,316,24
335,183,303,32
395,227,370,25
408,227,373,35
386,213,358,28
413,229,382,31
422,243,395,27
344,193,316,28
349,201,323,26
438,239,404,34
387,205,348,39
426,236,389,37
403,233,373,30
348,190,317,31
352,201,326,26
373,207,343,30
362,192,326,36
381,223,355,26
344,189,314,30
381,198,341,40
381,217,352,29
359,200,328,31
363,200,333,30
367,196,331,36
393,220,360,33
372,206,341,31
358,202,330,28
318,175,290,28
349,199,323,26
432,239,394,38
349,194,321,28
387,209,349,38
405,229,373,32
364,199,331,33
404,211,360,44
409,214,372,37
379,219,353,26
324,171,291,33
363,208,335,28
372,200,336,36
352,204,326,26
372,199,333,39
370,213,342,28
383,201,344,39
350,194,320,30
366,197,332,34
391,220,360,31
372,195,339,33
377,215,346,31
352,194,321,31
357,193,321,36
398,217,356,42
396,212,357,39
358,192,324,34
369,204,338,31
353,202,325,28
381,213,352,29
409,226,375,34
382,205,344,38
412,224,373,39
462,245,425,37
437,248,408,29
401,229,370,31
431,237,388,43
379,211,349,30
375,209,343,32
418,246,392,26
414,212,371,43
439,239,402,37
360,207,335,25
419,228,386,33
395,224,364,31
412,228,374,38
374,204,342,32
404,221,364,40
344,186,313,31
391,224,361,30
379,218,350,29
434,231,392,42
390,226,365,25
429,236,391,38
419,229,380,39
372,201,335,37
395,225,365,30
370,213,343,27
390,216,359,31
425,237,390,35
427,229,385,42
403,226,371,32
387,212,351,36
383,210,353,30
367,189,326,41
374,200,336,38
371,205,337,34
374,208,343,31
410,229,377,33
355,201,329,26
423,234,382,41
302,178,280,22
425,229,386,39
401,234,374,27
371,208,340,31
428,241,396,32
452,248,409,43
437,231,399,38
416,235,384,32
405,227,372,33
440,236,396,44
448,252,413,35
410,231,375,35
433,247,403,30
409,216,369,40
428,232,387,41
409,227,372,37
443,238,399,44
421,234,387,34
450,251,412,38
442,250,409,33
386,219,355,31
437,235,394,43
418,228,378,40
407,211,367,40
410,236,378,32
400,213,361,39
426,230,383,43
410,240,383,27
417,236,383,34
397,228,367,30
416,233,384,32
423,241,391,32
383,218,353,30
459,250,414,45
429,234,390,39
403,212,363,40
422,227,381,41
396,219,363,33
403,225,369,34
391,206,353,38
414,225,377,37
430,229,385,45
425,223,378,47
405,226,370,35
392,212,354,38
449,251,411,38
416,229,381,35
397,232,369,28
401,225,369,32
407,229,373,34
399,222,364,35
417,239,386,31
448,229,407,41
411,231,377,34
398,210,358,40
411,221,374,37
432,218,392,40
412,218,372,40
417,229,377,40
389,217,354,35
430,228,381,49
447,251,408,39
409,217,370,39
417,228,381,36
406,227,373,33
439,230,396,43
399,213,360,39
410,217,371,39
448,249,410,38
414,226,378,36
424,242,391,33
473,263,433,40
425,241,391,34
403,231,373,30
390,226,363,27
455,252,416,39
394,222,362,32
467,251,429,38
449,242,405,44
447,252,414,33
456,238,405,51
414,215,377,37
450,254,416,34
457,259,423,34
428,243,393,35
421,220,387,34
444,250,407,37
459,255,421,38
436,239,398,38
442,242,402,40
431,230,388,43
453,246,411,42
450,254,416,34
417,230,380,37
469,264,433,36
460,260,425,35
437,248,405,32
405,219,367,38
430,244,398,32
415,232,381,34
471,265,434,37
411,233,376,35
412,223,372,40
418,236,382,36
447,252,412,35
384,215,351,33
446,238,400,46
446,255,413,33
431,247,398,33
444,261,415,29
439,253,410,29
539,306,498,41
383,218,356,27
437,248,403,34
450,251,417,33
407,230,373,34
436,237,397,39
425,230,383,42
399,224,365,34
411,231,376,35
454,248,414,40
450,247,408,42
448,244,409,39
452,257,420,32
443,248,407,36
411,234,378,33
411,226,379,32
437,246,404,33
425,226,382,43
431,246,398,33
463,262,428,35
433,239,397,36
457,260,424,33
451,235,408,43
462,258,424,38
439,241,398,41
456,258,421,35
451,255,418,33
428,245,396,32
406,227,373,33
445,249,407,38
463,264,430,33
440,252,406,34
443,249,410,33
449,252,413,36
473,278,443,30
447,251,414,33
485,268,443,42
425,242,391,34
440,248,403,37
457,257,421,36
441,248,409,32
433,240,397,36
488,270,446,42
402,225,368,34
450,259,421,29
423,217,381,42
448,246,408,40
440,231,395,45
345,170,300,45
407,230,373,34
470,252,426,44
434,249,402,32
458,257,422,36
428,239,392,36
450,242,406,44
417,236,389,28
427,233,388,39
441,230,393,48
466,262,430,36
450,236,405,45
478,251,427,51
420,240,388,32
455,257,420,35
535,297,490,45
387,215,355,32
450,254,415,35
451,247,411,40
432,241,394,38
455,263,426,29
453,261,419,34
432,226,386,46
381,218,350,31
394,224,363,31
459,243,413,46
434,248,401,33
471,256,429,42
456,258,421,35
451,254,416,35
453,250,413,40
449,253,414,35
454,260,422,32
463,249,426,37
457,257,421,36
463,262,429,34
395,222,363,32
461,264,429,32
456,258,421,35
465,264,432,33
444,243,404,40
461,250,423,38
447,242,405,42
442,253,407,35
428,218,392,36
446,263,417,29
450,242,406,44
415,238,384,31
460,247,414,46
438,239,400,38
466,259,428,38
461,258,423,38
436,248,404,32
429,242,394,35
436,224,385,51
457,264,427,30
477,264,436,41
434,245,398,36
429,233,386,43
434,245,400,34
431,239,397,34
438,234,395,43
435,242,398,37
452,250,413,39
422,227,382,40
401,233,373,28
559,320,520,39
463,249,417,46
453,252,414,39
461,254,425,36
399,233,372,27
425,237,389,36
425,240,389,36
407,212,373,34
412,234,381,31
449,236,404,45
401,230,369,32
414,242,388,26
440,245,405,35
443,254,411,32
477,265,435,42
433,248,401,32
427,241,392,35
459,243,410,49
554,315,514,40
494,264,443,51
463,241,415,48
435,243,398,37
464,269,431,33
476,234,418,58
453,256,419,34
440,255,410,30
467,255,425,42
459,262,426,33
459,258,419,40
556,317,516,40
410,237,381,29
523,291,479,44
527,283,481,46
435,246,401,34
458,247,416,42
419,234,382,37
464,269,431,33
442,257,410,32
432,252,404,28
552,317,513,39
436,241,398,38
420,232,383,37
490,264,441,49
449,257,416,33
429,246,397,32
416,223,379,37
452,250,418,34
423,224,378,45
441,253,408,33
471,267,437,34
409,237,380,29
473,259,427,46
545,311,506,39
453,247,411,42
430,241,396,34
429,250,399,30
457,244,412,45
415,238,385,30
455,259,421,34
436,249,406,30
420,230,383,37
452,252,415,37
461,259,425,36
550,315,511,39
433,246,400,33
505,295,472,33
472,247,420,52
458,251,417,41
431,251,401,30
423,235,387,36
465,259,425,40
432,232,390,42
452,260,419,33
509,294,475,34
554,317,515,39
561,320,521,40
550,315,511,39
441,246,406,35
465,255,424,41
439,234,402,37
453,263,422,31
498,274,463,35
444,255,412,32
516,262,464,52
479,278,446,33
474,270,437,37
508,276,461,47
496,280,455,41
534,306,497,37
438,254,406,32
441,240,397,44
486,273,445,41
449,246,405,44
441,249,404,37
523,297,484,39
495,272,459,36
447,253,414,33
432,246,399,33
434,251,402,32
480,272,445,35
461,261,430,31
482,266,444,38
490,277,452,38
451,242,407,44
554,297,501,53
431,254,403,28
442,242,402,40
488,285,456,32
468,259,430,38
457,245,412,45
482,263,438,44
450,245,407,43
537,312,500,37
454,245,414,40
441,243,403,38
421,218,385,36
508,287,470,38
462,260,425,37
490,280,451,39
465,262,427,38
470,239,421,49
503,267,460,43
500,292,468,32
485,271,442,43
490,272,452,38
477,260,431,46
499,290,468,31
534,285,491,43
587,325,538,49
526,284,478,48
487,263,439,48
466,242,429,37
499,286,460,39
500,282,461,39
499,278,458,41
460,248,418,42
477,266,437,40
500,290,465,35
491,273,449,42
452,250,411,41
462,253,422,40
543,289,491,52
414,226,377,37
484,262,437,47
433,242,397,36
487,271,446,41
463,253,424,39
525,302,485,40
527,289,485,42
518,269,462,56
460,250,418,42
496,284,457,39
490,273,449,41
507,289,466,41
516,274,467,49
485,265,440,45
491,276,455,36
460,262,424,36
493,268,450,43
453,262,424,29
471,266,433,38
489,259,438,51
526,284,479,47
497,270,450,47
498,276,459,39
441,246,403,38
540,295,495,45
452,249,412,40
495,284,456,39
487,265,441,46
538,299,493,45
464,257,425,39
447,254,413,34
571,305,515,56
472,276,439,33
450,251,410,40
523,278,480,43
530,291,488,42
515,282,469,46
492,279,456,36
524,297,484,40
561,312,513,48
488,274,447,41
557,294,509,48
513,279,469,44
553,306,512,41
524,289,479,45
538,303,495,43
489,262,445,44
520,275,470,50
515,290,476,39
497,286,464,33
470,257,428,42
508,267,463,45
518,277,471,47
554,292,499,55
503,286,463,40
529,296,487,42
510,287,467,43
520,277,471,49
528,291,481,47
495,283,457,38
456,248,412,44
510,280,462,48
473,261,437,36
466,263,431,35
540,282,483,57
501,271,454,47
508,291,469,39
507,282,463,44
529,286,481,48
523,288,477,46
470,268,433,37
527,288,478,49
543,287,497,46
519,275,476,43
487,263,442,45
542,293,487,55
501,273,459,42
495,268,450,45
495,277,456,39
505,265,461,44
497,287,465,32
523,280,473,50
506,276,458,48
524,297,481,43
538,295,490,48
536,300,487,49
504,278,456,48
514,289,470,44
516,272,473,43
500,267,449,51
515,283,466,49
508,283,466,42
550,292,504,46
542,301,497,45
558,299,512,46
491,275,451,40
531,294,484,47
517,291,475,42
549,291,503,46
567,303,520,47
481,268,442,39
514,271,471,43
522,292,477,45
533,282,478,55
515,288,470,45
537,291,486,51
526,281,482,44
519,290,474,45
521,291,475,46
520,275,477,43
529,288,480,49
513,292,476,37
530,279,484,46
466,268,430,36
573,301,515,58
480,279,446,34
516,288,471,45
556,310,510,46
555,295,508,47
511,282,466,45
553,303,497,56
507,291,473,34
515,288,470,45
527,291,478,49
518,290,473,45
571,308,525,46
533,296,485,48
490,281,453,37
558,312,513,45
522,287,480,42
523,290,476,47
530,281,476,54
554,294,507,47
522,287,473,49
514,287,471,43
527,278,482,45
515,283,466,49
532,298,486,46
513,275,462,51
520,264,472,48
463,267,428,35
541,286,495,46
538,280,484,54
512,285,468,44
558,296,512,46
522,287,473,49
531,278,474,57
552,291,506,46
533,296,485,48
468,270,435,33
487,278,449,38
521,292,476,45
539,284,482,57
548,291,502,46
514,289,471,43
559,299,507,52
518,290,473,45
521,287,472,49
516,290,478,38
538,300,491,47
523,289,474,49
573,307,526,47
529,278,484,45
537,292,487,50
560,302,515,45
566,306,522,44
565,311,516,49
571,287,507,64
602,334,551,51
581,312,526,55
526,282,474,52
597,324,550,47
523,296,484,39
588,296,522,66
514,275,460,54
529,305,492,37
572,309,526,46
549,312,504,45
570,294,510,60
553,307,503,50
600,307,534,66
558,299,512,46
543,296,492,51
584,329,542,42
573,291,509,64
564,298,514,50
571,320,526,45
452,220,392,60
573,309,527,46
567,304,513,54
574,310,528,46
537,305,493,44
545,291,500,45
567,304,520,47
562,302,516,46
568,304,521,47
531,299,489,42
599,316,546,53
546,286,498,48
528,296,484,44
500,289,463,37
553,296,493,60
560,300,514,46
541,299,494,47
520,297,480,40
552,295,506,46
565,303,519,46
567,304,520,47
523,284,473,50
572,320,525,47
569,308,524,45
533,277,485,48
541,310,499,42
501,290,465,36
558,298,512,46
564,301,515,49
593,313,541,52
537,302,498,39
508,290,470,38
485,274,447,38
444,249,407,37
568,305,522,46
553,300,497,56
547,313,504,43
602,305,534,68
568,305,524,44
539,301,498,41
596,317,541,55
523,289,474,49
532,276,484,48
561,302,516,45
599,316,546,53
563,303,517,46
495,273,452,43
541,309,500,41
588,314,538,50
554,313,510,44
556,311,510,46
512,289,470,42
561,304,517,44
560,305,507,53
596,319,548,48
